Szálak száma	Thread limit	X	Y	Z	Idõ	Különbség	Százalékos viszony	alap	0.034200
1024	512	8	4	32	0.015781	-0.018419	46%		
1024	512	4	8	32	0.016404	-0.017796	48%		
1024	512	4	4	64	0.016692	-0.017508	49%		
1024	512	16	4	16	0.016898	-0.017302	49%		
1024	512	8	8	16	0.017307	-0.016893	51%		
1024	512	4	16	16	0.018087	-0.016113	53%		
512	256	4	4	32	0.018739	-0.015461	55%		
512	256	8	4	16	0.019163	-0.015037	56%		
512	256	4	8	16	0.020124	-0.014076	59%		
2048	1024	16	4	32	0.020513	-0.013687	60%		
512	512	4	4	32	0.020745	-0.013455	61%		
512	512	8	4	16	0.020807	-0.013393	61%		
2048	1024	8	8	32	0.021367	-0.012833	62%		
2048	1024	8	4	64	0.021383	-0.012817	63%		
512	512	4	8	16	0.021952	-0.012248	64%		
2048	1024	32	4	16	0.022234	-0.011966	65%		
2048	1024	4	16	32	0.022488	-0.011712	66%		
2048	1024	4	8	64	0.022568	-0.011632	66%		
1024	512	32	4	8	0.023132	-0.011068	68%		
2048	1024	8	16	16	0.023143	-0.011057	68%		
1024	512	16	8	8	0.023274	-0.010926	68%		
2048	1024	16	8	16	0.023335	-0.010865	68%		
1024	512	8	16	8	0.023448	-0.010752	69%		
512	256	16	4	8	0.023693	-0.010507	69%		
512	256	8	8	8	0.023728	-0.010472	69%		
1024	512	4	32	8	0.024070	-0.010130	70%		
2048	1024	4	32	16	0.024102	-0.010098	70%		
512	256	4	16	8	0.024513	-0.009687	72%		
256	256	4	4	16	0.024618	-0.009582	72%		
512	512	16	4	8	0.026739	-0.007461	78%		
512	512	8	8	8	0.026954	-0.007246	79%		
256	256	8	4	8	0.027363	-0.006837	80%		
512	512	4	16	8	0.027662	-0.006538	81%		
256	256	4	8	8	0.028531	-0.005669	83%		
256	128	4	4	16	0.028569	-0.005631	84%		
1024	1024	8	4	32	0.029225	-0.004975	85%		
256	128	8	4	8	0.029739	-0.004461	87%		
2048	1024	32	8	8	0.029870	-0.004330	87%		
2048	1024	8	32	8	0.030104	-0.004096	88%		
2048	1024	64	4	8	0.030357	-0.003843	89%		
1024	1024	16	4	16	0.030514	-0.003686	89%		
1024	1024	4	8	32	0.030953	-0.003247	91%		
1024	1024	4	4	64	0.031004	-0.003196	91%		
256	128	4	8	8	0.031746	-0.002454	93%		
2048	1024	16	16	8	0.031853	-0.002347	93%		
1024	1024	8	8	16	0.032111	-0.002089	94%		
256	512	4	4	16	0.032243	-0.001957	94%		
1024	1024	4	16	16	0.033304	-0.000896	97%		
256	512	8	4	8	0.035326	0.001126	103%		
2048	1024	4	64	8	0.036319	0.002119	106%		
512	256	32	4	4	0.037747	0.003547	110%		
512	256	16	8	4	0.037754	0.003554	110%		
128	128	4	4	8	0.037850	0.003650	111%		
512	256	8	16	4	0.038253	0.004053	112%		
1024	512	64	4	4	0.038584	0.004384	113%		
1024	1024	16	8	8	0.038718	0.004518	113%		
1024	1024	8	16	8	0.039032	0.004832	114%		
1024	512	8	32	4	0.039342	0.005142	115%		
1024	512	32	8	4	0.039482	0.005282	115%		
1024	512	16	16	4	0.039491	0.005291	115%		
1024	512	4	64	4	0.039713	0.005513	116%		
256	256	16	4	4	0.040549	0.006349	119%		
128	256	4	4	8	0.040729	0.006529	119%		
256	512	4	8	8	0.040997	0.006797	120%		
512	256	4	32	4	0.041167	0.006967	120%		
256	128	4	16	4	0.041470	0.007270	121%		
256	128	8	8	4	0.041493	0.007293	121%		
256	256	4	16	4	0.041632	0.007432	122%		
512	512	32	4	4	0.042240	0.008040	124%		
512	512	8	16	4	0.042382	0.008182	124%		
512	512	16	8	4	0.042824	0.008624	125%		
1024	1024	32	4	8	0.042878	0.008678	125%		
512	512	4	32	4	0.043164	0.008964	126%		
256	128	16	4	4	0.043226	0.009026	126%		
2048	1024	32	16	4	0.044275	0.010075	129%		
2048	1024	8	64	4	0.044571	0.010371	130%		
2048	1024	64	8	4	0.044950	0.010750	131%		
1024	1024	4	32	8	0.045188	0.010988	132%		
256	256	8	8	4	0.045488	0.011288	133%		
128	128	8	4	4	0.045909	0.011709	134%		
256	512	8	8	4	0.046061	0.011861	135%		
2048	1024	16	32	4	0.046119	0.011919	135%		
256	512	16	4	4	0.046122	0.011922	135%		
256	512	4	16	4	0.046454	0.012254	136%		
128	256	8	4	4	0.047196	0.012996	138%		
128	128	4	8	4	0.047273	0.013073	138%		
128	64	4	4	8	0.049027	0.014827	143%		
512	1024	4	4	32	0.050007	0.015807	146%		
128	256	4	8	4	0.050850	0.016650	149%		
512	1024	8	4	16	0.050953	0.016753	149%		
1024	1024	16	16	4	0.052257	0.018057	153%		
1024	1024	64	4	4	0.052446	0.018246	153%		
1024	1024	32	8	4	0.053175	0.018975	155%		
128	64	8	4	4	0.053556	0.019356	157%		
1024	1024	8	32	4	0.053922	0.019722	158%		
1024	1024	4	64	4	0.054031	0.019831	158%		
512	1024	4	8	16	0.054061	0.019861	158%		
512	1024	16	4	8	0.054359	0.020159	159%		
512	1024	8	8	8	0.055184	0.020984	161%		
128	512	4	4	8	0.056136	0.021936	164%		
512	1024	4	16	8	0.057362	0.023162	168%		
128	64	4	8	4	0.058179	0.023979	170%		
128	512	8	4	4	0.059306	0.025106	173%		
128	512	4	8	4	0.062446	0.028246	183%		
64	64	4	4	4	0.064267	0.030067	188%		
64	128	4	4	4	0.068042	0.033842	199%		
512	1024	16	8	4	0.068493	0.034293	200%		
512	1024	32	4	4	0.069025	0.034825	202%		
512	1024	8	16	4	0.071132	0.036932	208%		
512	1024	4	32	4	0.071578	0.037378	209%		
64	256	4	4	4	0.074086	0.039886	217%		
64	32	4	4	4	0.094307	0.060107	276%		
256	1024	4	4	16	0.096923	0.062723	283%		
256	1024	8	4	8	0.097966	0.063766	286%		
256	1024	4	8	8	0.099037	0.064837	290%		
256	1024	16	4	4	0.100163	0.065963	293%		
256	1024	4	16	4	0.106951	0.072751	313%		
64	512	4	4	4	0.109221	0.075021	319%		
256	1024	8	8	4	0.109287	0.075087	320%		
128	1024	4	4	8	0.185183	0.150983	541%		
128	1024	8	4	4	0.188580	0.154380	551%		
128	1024	4	8	4	0.200411	0.166211	586%		
64	1024	4	4	4	0.338516	0.304316	990%		
									
									
									
									
									
									
									
									
									
									
									
									
									
									
									
									
									
									
									
									
									
									
									
									
									
									
									
									
									
									
									
									
									
									
									
									
									
									
									
									
									
									
									
									
									
									
									
									
									
									
									
									
									
									
									
									
									
									
									
									
									
									
									
3d computation collapse (3):0.034200									
